SELECT
    ROUND(psfFlux, -4) AS bucket,
    COUNT(*) AS COUNT
FROM DeepSource
GROUP BY bucket;
+--------+----------+
| bucket | COUNT    |
+--------+----------+
|   NULL |       13 |
|      0 | 14459378 |
|     -0 |    13261 |
|  10000 |    84316 |
|  20000 |    28555 |
|  30000 |    18797 |
|  40000 |    13530 |
|  50000 |     8426 |
|  60000 |     7237 |
|  70000 |     8238 |
|  80000 |     8387 |
|  90000 |     7545 |
| 100000 |     5821 |
| 110000 |     2689 |
| 120000 |     1002 |
| 130000 |      760 |
| 140000 |      773 |
| 150000 |      735 |
| 160000 |      568 |
| 170000 |      316 |
| 180000 |      135 |
| 190000 |       40 |
| 200000 |       19 |
| 210000 |       14 |
| 220000 |       11 |
| 230000 |        6 |
| 240000 |        3 |
| 250000 |        6 |
| 260000 |        2 |
| 270000 |        7 |
| 280000 |        3 |
| 290000 |        2 |
| 320000 |        1 |
| 360000 |        1 |
+--------+----------+
34 rows in set (7.90 sec)

===================================================================
===================================================================
===================================================================

SELECT
  ROUND(flux_psf, -4) AS bucket,
  COUNT(*) AS COUNT
FROM RunDeepForcedSource
GROUP BY bucket;
+-------------+------------+
| bucket      | COUNT      |
+-------------+------------+
|        NULL |  128498054 |
| -1371670000 |          1 |
| -1003410000 |          1 |
|  -457450000 |          1 |
|  -437920000 |          1 |
|  -437170000 |          1 |
|  -344120000 |          1 |
|  -309360000 |          1 |
|  -278060000 |          1 |
|  -276320000 |          1 |
|  -267700000 |          1 |
|  -233590000 |          1 |
|  -220310000 |          1 |
|  -215930000 |          1 |
|  -195290000 |          1 |
|  -157540000 |          1 |
|  -151070000 |          1 |
|  -136220000 |          1 |
|  -131790000 |          1 |
|  -121670000 |          1 |
|  -115370000 |          1 |
|  -115210000 |          1 |
|  -114990000 |          1 |
|   -94180000 |          1 |
|   -93930000 |          1 |
|   -87730000 |          1 |
|   -85870000 |          1 |
|   -85050000 |          1 |
|   -83890000 |          1 |
|   -79370000 |          1 |
|   -79030000 |          1 |
|   -75170000 |          1 |
|   -74610000 |          1 |
|   -74570000 |          1 |
|   -71460000 |          1 |
|   -71000000 |          1 |
|   -69490000 |          1 |
|   -68420000 |          1 |
|   -62890000 |          1 |
|   -59530000 |          1 |
|   -57550000 |          1 |
|   -55950000 |          1 |
|   -55800000 |          1 |
|   -55370000 |          1 |
|   -54830000 |          1 |
|   -54430000 |          1 |
|   -51820000 |          1 |
|   -49830000 |          1 |
|   -49610000 |          1 |
|   -49350000 |          1 |
|   -48410000 |          1 |
|   -47990000 |          1 |
|   -47650000 |          1 |
|   -47140000 |          1 |
|   -46880000 |          1 |
|   -46780000 |          1 |
|   -46740000 |          1 |
|   -46450000 |          1 |
|   -46380000 |          1 |
|   -45600000 |          1 |
|   -45460000 |          1 |
|   -42100000 |          1 |
|   -42020000 |          1 |
|   -40900000 |          1 |
|   -40340000 |          1 |
|   -39980000 |          1 |
|   -39710000 |          1 |
|   -38600000 |          1 |
|   -38040000 |          1 |
|   -37610000 |          1 |
|   -36850000 |          1 |
|   -36350000 |          1 |
|   -35960000 |          1 |
|   -35820000 |          1 |
|   -34980000 |          1 |
|   -34160000 |          1 |
|   -33900000 |          1 |
|   -33700000 |          1 |
|   -33540000 |          1 |
|   -33390000 |          1 |
|   -33010000 |          1 |
|   -31860000 |          1 |
|   -31680000 |          1 |
|   -31290000 |          1 |
|   -31090000 |          1 |
|   -30430000 |          1 |
|   -29580000 |          1 |
|   -29520000 |          1 |
|   -29390000 |          1 |
|   -28660000 |          1 |
|   -28410000 |          1 |
|   -28290000 |          1 |
|   -28170000 |          1 |
|   -28120000 |          1 |
|   -28080000 |          1 |
|   -27370000 |          1 |
|   -27110000 |          1 |
|   -26870000 |          1 |
|   -26230000 |          1 |
|   -25580000 |          1 |
|   -25340000 |          1 |
|   -25190000 |          1 |
|   -25110000 |          1 |
|   -24700000 |          1 |
|   -24570000 |          1 |
|   -24300000 |          1 |
|   -24240000 |          1 |
|   -24230000 |          1 |
|   -23970000 |          1 |
|   -23530000 |          1 |
|   -23230000 |          1 |
|   -23200000 |          1 |
|   -23160000 |          1 |
|   -22780000 |          1 |
|   -22740000 |          1 |
|   -22700000 |          1 |
|   -22660000 |          1 |
|   -22480000 |          1 |
|   -22390000 |          1 |
|   -22350000 |          1 |
|   -21970000 |          1 |
|   -21920000 |          1 |
|   -21810000 |          1 |
|   -21780000 |          1 |
|   -21750000 |          1 |
|   -21050000 |          1 |
|   -21030000 |          1 |
|   -20650000 |          1 |
|   -20480000 |          1 |
|   -20340000 |          1 |
|   -20160000 |          1 |
|   -20110000 |          1 |
|   -20080000 |          1 |
|   -20000000 |          1 |
|   -19970000 |          1 |
|   -19960000 |          1 |
|   -19870000 |          1 |
|   -19860000 |          1 |
|   -19830000 |          1 |
|   -19800000 |          1 |
|   -19650000 |          1 |
|   -19620000 |          1 |
|   -19600000 |          1 |
|   -19490000 |          1 |
|   -19300000 |          1 |
|   -19260000 |          1 |
|   -19240000 |          1 |
|   -18990000 |          1 |
|   -18860000 |          1 |
|   -18780000 |          1 |
|   -18570000 |          1 |
|   -18240000 |          1 |
|   -18220000 |          1 |
|   -18150000 |          1 |
|   -17940000 |          1 |
|   -17910000 |          1 |
|   -17610000 |          2 |
|   -17590000 |          1 |
|   -17530000 |          1 |
|   -17510000 |          1 |
|   -17470000 |          1 |
|   -17260000 |          1 |
|   -17180000 |          1 |
|   -17140000 |          1 |
|   -16870000 |          1 |
|   -16840000 |          2 |
|   -16810000 |          1 |
|   -16750000 |          1 |
|   -16370000 |          1 |
|   -16330000 |          1 |
|   -16310000 |          1 |
|   -16130000 |          1 |
|   -16120000 |          1 |
|   -15970000 |          1 |
|   -15860000 |          1 |
|   -15420000 |          1 |
|   -15380000 |          1 |
|   -15220000 |          1 |
|   -14940000 |          1 |
|   -14930000 |          1 |
|   -14910000 |          1 |
|   -14860000 |          1 |
|   -14810000 |          1 |
|   -14480000 |          1 |
|   -14370000 |          1 |
|   -14350000 |          1 |
|   -14340000 |          2 |
|   -14170000 |          1 |
|   -14110000 |          1 |
|   -13920000 |          1 |
|   -13890000 |          1 |
|   -13820000 |          1 |
|   -13580000 |          1 |
|   -13420000 |          1 |
|   -13410000 |          1 |
|   -13350000 |          2 |
|   -13250000 |          1 |
|   -13160000 |          1 |
|   -13060000 |          1 |
|   -13030000 |          1 |
|   -12950000 |          1 |
|   -12730000 |          2 |
|   -12720000 |          1 |
|   -12690000 |          1 |
|   -12460000 |          1 |
|   -12420000 |          1 |
|   -12300000 |          1 |
|   -12290000 |          1 |
|   -12240000 |          1 |
|   -12140000 |          1 |
|   -11720000 |          1 |
|   -11680000 |          1 |
|   -11670000 |          1 |
|   -11610000 |          1 |
|   -11490000 |          1 |
|   -11250000 |          1 |
|   -11170000 |          1 |
|   -10880000 |          1 |
|   -10840000 |          1 |
|   -10820000 |          1 |
|   -10600000 |          1 |
|   -10470000 |          1 |
|   -10360000 |          1 |
|   -10330000 |          1 |
|   -10240000 |          1 |
|   -10210000 |          1 |
|   -10190000 |          1 |
|   -10140000 |          1 |
|   -10110000 |          1 |
|   -10050000 |          1 |
|   -10040000 |          1 |
|   -10000000 |          1 |
|    -9960000 |          1 |
|    -9890000 |          1 |
|    -9800000 |          1 |
|    -9760000 |          1 |
|    -9720000 |          2 |
|    -9620000 |          1 |
|    -9410000 |          2 |
|    -9360000 |          1 |
|    -9310000 |          2 |
|    -9240000 |          1 |
|    -9170000 |          1 |
|    -9100000 |          1 |
|    -9020000 |          1 |
|    -8940000 |          1 |
|    -8930000 |          1 |
|    -8900000 |          1 |
|    -8860000 |          1 |
|    -8660000 |          1 |
|    -8650000 |          1 |
|    -8620000 |          1 |
|    -8590000 |          1 |
|    -8560000 |          1 |
|    -8530000 |          1 |
|    -8520000 |          1 |
|    -8510000 |          1 |
|    -8450000 |          1 |
|    -8430000 |          1 |
|    -8380000 |          2 |
|    -8370000 |          1 |
|    -8340000 |          1 |
|    -8330000 |          1 |
|    -8320000 |          1 |
|    -8300000 |          1 |
|    -8220000 |          1 |
|    -8200000 |          1 |
|    -8180000 |          1 |
|    -8060000 |          1 |
|    -7990000 |          1 |
|    -7980000 |          1 |
|    -7970000 |          1 |
|    -7960000 |          1 |
|    -7950000 |          1 |
|    -7940000 |          2 |
|    -7920000 |          1 |
|    -7890000 |          1 |
|    -7880000 |          1 |
|    -7860000 |          1 |
|    -7850000 |          2 |
|    -7840000 |          1 |
|    -7830000 |          1 |
|    -7810000 |          1 |
|    -7780000 |          1 |
|    -7740000 |          1 |
|    -7730000 |          1 |
|    -7720000 |          1 |
|    -7710000 |          1 |
|    -7650000 |          1 |
|    -7620000 |          2 |
|    -7600000 |          1 |
|    -7590000 |          2 |
|    -7570000 |          1 |
|    -7550000 |          1 |
|    -7480000 |          1 |
|    -7460000 |          1 |
|    -7440000 |          1 |
|    -7430000 |          1 |
|    -7420000 |          1 |
|    -7400000 |          1 |
|    -7350000 |          1 |
|    -7310000 |          1 |
|    -7300000 |          1 |
|    -7280000 |          1 |
|    -7270000 |          1 |
|    -7170000 |          1 |
|    -7160000 |          1 |
|    -7110000 |          1 |
|    -7070000 |          1 |
|    -7040000 |          3 |
|    -6950000 |          2 |
|    -6870000 |          1 |
|    -6860000 |          1 |
|    -6840000 |          1 |
|    -6830000 |          1 |
|    -6770000 |          1 |
|    -6750000 |          1 |
|    -6680000 |          1 |
|    -6670000 |          2 |
|    -6660000 |          1 |
|    -6640000 |          1 |
|    -6560000 |          2 |
|    -6470000 |          1 |
|    -6410000 |          1 |
|    -6310000 |          1 |
|    -6280000 |          1 |
|    -6270000 |          2 |
|    -6230000 |          1 |
|    -6180000 |          4 |
|    -6170000 |          1 |
|    -6140000 |          2 |
|    -6120000 |          1 |
|    -6090000 |          1 |
|    -6030000 |          3 |
|    -5950000 |          1 |
|    -5930000 |          1 |
|    -5870000 |          3 |
|    -5840000 |          1 |
|    -5780000 |          1 |
|    -5760000 |          1 |
|    -5740000 |          1 |
|    -5720000 |          1 |
|    -5630000 |          1 |
|    -5530000 |          1 |
|    -5510000 |          2 |
|    -5490000 |          1 |
|    -5420000 |          1 |
|    -5410000 |          1 |
|    -5380000 |          1 |
|    -5370000 |          1 |
|    -5350000 |          1 |
|    -5340000 |          1 |
|    -5330000 |          1 |
|    -5320000 |          2 |
|    -5290000 |          1 |
|    -5270000 |          2 |
|    -5210000 |          1 |
|    -5200000 |          2 |
|    -5190000 |          2 |
|    -5170000 |          1 |
|    -5150000 |          1 |
|    -5130000 |          1 |
|    -5110000 |          1 |
|    -5100000 |          2 |
|    -5090000 |          2 |
|    -5040000 |          1 |
|    -5030000 |          2 |
|    -5020000 |          1 |
|    -5000000 |          1 |
|    -4970000 |          1 |
|    -4960000 |          2 |
|    -4920000 |          3 |
|    -4890000 |          1 |
|    -4850000 |          1 |
|    -4840000 |          1 |
|    -4790000 |          1 |
|    -4760000 |          1 |
|    -4750000 |          2 |
|    -4710000 |          1 |
|    -4690000 |          1 |
|    -4670000 |          1 |
|    -4660000 |          1 |
|    -4630000 |          1 |
|    -4620000 |          1 |
|    -4610000 |          1 |
|    -4600000 |          1 |
|    -4580000 |          1 |
|    -4570000 |          1 |
|    -4560000 |          1 |
|    -4540000 |          1 |
|    -4530000 |          1 |
|    -4510000 |          2 |
|    -4490000 |          1 |
|    -4480000 |          1 |
|    -4470000 |          1 |
|    -4460000 |          1 |
|    -4440000 |          1 |
|    -4420000 |          2 |
|    -4410000 |          1 |
|    -4400000 |          2 |
|    -4370000 |          3 |
|    -4360000 |          1 |
|    -4340000 |          1 |
|    -4280000 |          1 |
|    -4260000 |          2 |
|    -4240000 |          1 |
|    -4230000 |          3 |
|    -4220000 |          2 |
|    -4210000 |          1 |
|    -4190000 |          1 |
|    -4170000 |          1 |
|    -4140000 |          1 |
|    -4100000 |          1 |
|    -4090000 |          1 |
|    -4080000 |          2 |
|    -4060000 |          2 |
|    -4050000 |          1 |
|    -4020000 |          3 |
|    -3990000 |          1 |
|    -3980000 |          1 |
|    -3970000 |          2 |
|    -3960000 |          1 |
|    -3950000 |          1 |
|    -3930000 |          1 |
|    -3920000 |          2 |
|    -3910000 |          2 |
|    -3880000 |          2 |
|    -3870000 |          2 |
|    -3860000 |          1 |
|    -3840000 |          1 |
|    -3830000 |          2 |
|    -3820000 |          1 |
|    -3810000 |          1 |
|    -3800000 |          1 |
|    -3780000 |          2 |
|    -3770000 |          4 |
|    -3760000 |          5 |
|    -3730000 |          2 |
|    -3720000 |          4 |
|    -3710000 |          2 |
|    -3680000 |          2 |
|    -3670000 |          1 |
|    -3660000 |          2 |
|    -3640000 |          3 |
|    -3620000 |          3 |
|    -3610000 |          1 |
|    -3600000 |          1 |
|    -3590000 |          3 |
|    -3580000 |          2 |
|    -3570000 |          1 |
|    -3550000 |          3 |
|    -3510000 |          2 |
|    -3490000 |          4 |
|    -3480000 |          2 |
|    -3470000 |          2 |
|    -3460000 |          1 |
|    -3450000 |          1 |
|    -3440000 |          1 |
|    -3420000 |          1 |
|    -3410000 |          1 |
|    -3380000 |          1 |
|    -3370000 |          2 |
|    -3340000 |          2 |
|    -3330000 |          2 |
|    -3310000 |          1 |
|    -3290000 |          1 |
|    -3280000 |          4 |
|    -3270000 |          1 |
|    -3260000 |          1 |
|    -3250000 |          1 |
|    -3240000 |          1 |
|    -3230000 |          2 |
|    -3210000 |          1 |
|    -3190000 |          3 |
|    -3180000 |          1 |
|    -3160000 |          2 |
|    -3140000 |          1 |
|    -3130000 |          2 |
|    -3110000 |          1 |
|    -3100000 |          2 |
|    -3090000 |          3 |
|    -3070000 |          1 |
|    -3050000 |          3 |
|    -3040000 |          2 |
|    -3030000 |          2 |
|    -3020000 |          1 |
|    -3010000 |          1 |
|    -2990000 |          4 |
|    -2980000 |          2 |
|    -2970000 |          1 |
|    -2950000 |          2 |
|    -2940000 |          3 |
|    -2930000 |          2 |
|    -2910000 |          3 |
|    -2900000 |          2 |
|    -2890000 |          1 |
|    -2880000 |          3 |
|    -2870000 |          1 |
|    -2860000 |          1 |
|    -2850000 |          1 |
|    -2840000 |          4 |
|    -2830000 |          2 |
|    -2820000 |          4 |
|    -2800000 |          2 |
|    -2790000 |          2 |
|    -2780000 |          6 |
|    -2760000 |          1 |
|    -2750000 |          3 |
|    -2740000 |          1 |
|    -2730000 |          1 |
|    -2720000 |          4 |
|    -2700000 |          2 |
|    -2690000 |          1 |
|    -2680000 |          1 |
|    -2670000 |          3 |
|    -2660000 |          5 |
|    -2650000 |          4 |
|    -2640000 |          1 |
|    -2630000 |          1 |
|    -2620000 |          3 |
|    -2610000 |          1 |
|    -2590000 |          3 |
|    -2580000 |          1 |
|    -2570000 |          2 |
|    -2560000 |          3 |
|    -2550000 |          1 |
|    -2540000 |          1 |
|    -2530000 |          2 |
|    -2520000 |          2 |
|    -2510000 |          4 |
|    -2500000 |          1 |
|    -2490000 |          1 |
|    -2480000 |          1 |
|    -2470000 |          1 |
|    -2460000 |          1 |
|    -2450000 |          4 |
|    -2440000 |          1 |
|    -2420000 |          1 |
|    -2410000 |          4 |
|    -2400000 |          3 |
|    -2390000 |          4 |
|    -2380000 |          5 |
|    -2370000 |          3 |
|    -2340000 |          1 |
|    -2330000 |          2 |
|    -2320000 |          5 |
|    -2310000 |          3 |
|    -2300000 |          3 |
|    -2290000 |          5 |
|    -2280000 |          5 |
|    -2270000 |          2 |
|    -2260000 |          3 |
|    -2250000 |          2 |
|    -2240000 |          5 |
|    -2230000 |          4 |
|    -2220000 |          5 |
|    -2210000 |          4 |
|    -2200000 |          4 |
|    -2190000 |          7 |
|    -2180000 |          2 |
|    -2170000 |          1 |
|    -2160000 |          6 |
|    -2150000 |          5 |
|    -2140000 |          3 |
|    -2130000 |          2 |
|    -2120000 |          3 |
|    -2110000 |          7 |
|    -2100000 |          4 |
|    -2090000 |          3 |
|    -2070000 |          5 |
|    -2060000 |          1 |
|    -2050000 |          2 |
|    -2040000 |          3 |
|    -2020000 |          1 |
|    -2010000 |          2 |
|    -2000000 |          3 |
|    -1990000 |          1 |
|    -1980000 |          2 |
|    -1970000 |          3 |
|    -1960000 |          1 |
|    -1950000 |          2 |
|    -1940000 |          3 |
|    -1930000 |          4 |
|    -1920000 |          1 |
|    -1910000 |          5 |
|    -1900000 |          2 |
|    -1890000 |          5 |
|    -1880000 |          7 |
|    -1870000 |          4 |
|    -1860000 |          6 |
|    -1850000 |          2 |
|    -1840000 |          4 |
|    -1830000 |          3 |
|    -1820000 |          7 |
|    -1810000 |          5 |
|    -1800000 |          6 |
|    -1790000 |          4 |
|    -1780000 |          5 |
|    -1770000 |          2 |
|    -1760000 |          6 |
|    -1750000 |          6 |
|    -1740000 |          4 |
|    -1730000 |          7 |
|    -1720000 |          6 |
|    -1710000 |          4 |
|    -1700000 |          4 |
|    -1690000 |          7 |
|    -1680000 |          4 |
|    -1670000 |          7 |
|    -1660000 |          1 |
|    -1650000 |          5 |
|    -1640000 |          3 |
|    -1630000 |          6 |
|    -1620000 |          7 |
|    -1610000 |          4 |
|    -1600000 |          5 |
|    -1590000 |          7 |
|    -1580000 |          4 |
|    -1570000 |          6 |
|    -1560000 |          8 |
|    -1550000 |          3 |
|    -1540000 |          2 |
|    -1530000 |          9 |
|    -1520000 |          8 |
|    -1510000 |          6 |
|    -1500000 |          4 |
|    -1490000 |          2 |
|    -1480000 |          4 |
|    -1470000 |          5 |
|    -1460000 |          3 |
|    -1450000 |          6 |
|    -1440000 |          5 |
|    -1430000 |          5 |
|    -1420000 |          7 |
|    -1410000 |         10 |
|    -1400000 |          8 |
|    -1390000 |          8 |
|    -1380000 |          8 |
|    -1370000 |          5 |
|    -1360000 |          6 |
|    -1350000 |          5 |
|    -1340000 |          5 |
|    -1330000 |          9 |
|    -1320000 |          7 |
|    -1310000 |          4 |
|    -1300000 |          7 |
|    -1290000 |          6 |
|    -1280000 |          9 |
|    -1270000 |          3 |
|    -1260000 |          5 |
|    -1250000 |          6 |
|    -1240000 |          7 |
|    -1230000 |          4 |
|    -1220000 |          9 |
|    -1210000 |          5 |
|    -1200000 |         10 |
|    -1190000 |          6 |
|    -1180000 |          4 |
|    -1170000 |          4 |
|    -1160000 |          8 |
|    -1150000 |          9 |
|    -1140000 |         11 |
|    -1130000 |         12 |
|    -1120000 |          7 |
|    -1110000 |          3 |
|    -1100000 |          9 |
|    -1090000 |         12 |
|    -1080000 |         12 |
|    -1070000 |          9 |
|    -1060000 |         11 |
|    -1050000 |          4 |
|    -1040000 |          8 |
|    -1030000 |          9 |
|    -1020000 |          9 |
|    -1010000 |         10 |
|    -1000000 |         10 |
|     -990000 |         10 |
|     -980000 |          8 |
|     -970000 |          4 |
|     -960000 |         10 |
|     -950000 |         13 |
|     -940000 |         14 |
|     -930000 |          7 |
|     -920000 |         13 |
|     -910000 |         18 |
|     -900000 |         10 |
|     -890000 |         16 |
|     -880000 |         16 |
|     -870000 |         12 |
|     -860000 |         15 |
|     -850000 |         12 |
|     -840000 |         16 |
|     -830000 |         15 |
|     -820000 |         16 |
|     -810000 |         17 |
|     -800000 |         17 |
|     -790000 |         21 |
|     -780000 |         14 |
|     -770000 |         21 |
|     -760000 |         26 |
|     -750000 |         22 |
|     -740000 |         27 |
|     -730000 |         31 |
|     -720000 |         30 |
|     -710000 |         14 |
|     -700000 |         23 |
|     -690000 |         30 |
|     -680000 |         35 |
|     -670000 |         44 |
|     -660000 |         35 |
|     -650000 |         27 |
|     -640000 |         42 |
|     -630000 |         29 |
|     -620000 |         33 |
|     -610000 |         33 |
|     -600000 |         52 |
|     -590000 |         41 |
|     -580000 |         56 |
|     -570000 |         50 |
|     -560000 |         27 |
|     -550000 |         32 |
|     -540000 |         53 |
|     -530000 |         41 |
|     -520000 |         59 |
|     -510000 |         54 |
|     -500000 |         42 |
|     -490000 |         46 |
|     -480000 |         65 |
|     -470000 |         63 |
|     -460000 |         60 |
|     -450000 |         56 |
|     -440000 |         73 |
|     -430000 |         70 |
|     -420000 |         66 |
|     -410000 |         66 |
|     -400000 |         74 |
|     -390000 |         70 |
|     -380000 |         98 |
|     -370000 |         88 |
|     -360000 |         79 |
|     -350000 |         99 |
|     -340000 |         89 |
|     -330000 |         87 |
|     -320000 |        102 |
|     -310000 |         98 |
|     -300000 |        115 |
|     -290000 |        103 |
|     -280000 |        138 |
|     -270000 |        156 |
|     -260000 |        158 |
|     -250000 |        132 |
|     -240000 |        151 |
|     -230000 |        166 |
|     -220000 |        191 |
|     -210000 |        218 |
|     -200000 |        200 |
|     -190000 |        217 |
|     -180000 |        251 |
|     -170000 |        268 |
|     -160000 |        275 |
|     -150000 |        355 |
|     -140000 |        368 |
|     -130000 |        457 |
|     -120000 |        440 |
|     -110000 |        548 |
|     -100000 |        660 |
|      -90000 |        839 |
|      -80000 |        975 |
|      -70000 |       1271 |
|      -60000 |       1700 |
|      -50000 |       2334 |
|      -40000 |       3393 |
|      -30000 |       6040 |
|      -20000 |      13079 |
|      -10000 |      68062 |
|           0 | 3092989457 |
|          -0 |  563960812 |
|       10000 |   34600782 |
|       20000 |   11285642 |
|       30000 |    6395660 |
|       40000 |    4344298 |
|       50000 |    3222362 |
|       60000 |    2530276 |
|       70000 |    2078224 |
|       80000 |    1754867 |
|       90000 |    1513101 |
|      100000 |    1326178 |
|      110000 |    1152163 |
|      120000 |    1032120 |
|      130000 |     936145 |
|      140000 |     839549 |
|      150000 |     758712 |
|      160000 |     686394 |
|      170000 |     626513 |
|      180000 |     580850 |
|      190000 |     528748 |
|      200000 |     487995 |
|      210000 |     451089 |
|      220000 |     418826 |
|      230000 |     392959 |
|      240000 |     368953 |
|      250000 |     344997 |
|      260000 |     320449 |
|      270000 |     299900 |
|      280000 |     281268 |
|      290000 |     262410 |
|      300000 |     246834 |
|      310000 |     232284 |
|      320000 |     218641 |
|      330000 |     204416 |
|      340000 |     192972 |
|      350000 |     181634 |
|      360000 |     171517 |
|      370000 |     161490 |
|      380000 |     152651 |
|      390000 |     143524 |
|      400000 |     135554 |
|      410000 |     127663 |
|      420000 |     120680 |
|      430000 |     114155 |
|      440000 |     108448 |
|      450000 |     103077 |
|      460000 |      96959 |
|      470000 |      92204 |
|      480000 |      87700 |
|      490000 |      82781 |
|      500000 |      78605 |
|      510000 |      73570 |
|      520000 |      70073 |
|      530000 |      66441 |
|      540000 |      63312 |
|      550000 |      60274 |
|      560000 |      57049 |
|      570000 |      54910 |
|      580000 |      52264 |
|      590000 |      49448 |
|      600000 |      46970 |
|      610000 |      44984 |
|      620000 |      42793 |
|      630000 |      40876 |
|      640000 |      38893 |
|      650000 |      37066 |
|      660000 |      35299 |
|      670000 |      33930 |
|      680000 |      32305 |
|      690000 |      30852 |
|      700000 |      29304 |
|      710000 |      28005 |
|      720000 |      26804 |
|      730000 |      25731 |
|      740000 |      24446 |
|      750000 |      23536 |
|      760000 |      22226 |
|      770000 |      21189 |
|      780000 |      20333 |
|      790000 |      19267 |
|      800000 |      18718 |
|      810000 |      17732 |
|      820000 |      17083 |
|      830000 |      16070 |
|      840000 |      15609 |
|      850000 |      15075 |
|      860000 |      14291 |
|      870000 |      13924 |
|      880000 |      13153 |
|      890000 |      12571 |
|      900000 |      12339 |
|      910000 |      11708 |
|      920000 |      11226 |
|      930000 |      10858 |
|      940000 |      10397 |
|      950000 |      10050 |
|      960000 |       9788 |
|      970000 |       9383 |
|      980000 |       9009 |
|      990000 |       8667 |
|     1000000 |       8271 |
|     1010000 |       8054 |
|     1020000 |       7864 |
|     1030000 |       7336 |
|     1040000 |       7191 |
|     1050000 |       6803 |
|     1060000 |       6611 |
|     1070000 |       6356 |
|     1080000 |       6209 |
|     1090000 |       5896 |
|     1100000 |       5692 |
|     1110000 |       5632 |
|     1120000 |       5325 |
|     1130000 |       5140 |
|     1140000 |       4911 |
|     1150000 |       4846 |
|     1160000 |       4596 |
|     1170000 |       4472 |
|     1180000 |       4349 |
|     1190000 |       4149 |
|     1200000 |       4226 |
|     1210000 |       3938 |
|     1220000 |       3868 |
|     1230000 |       3753 |
|     1240000 |       3544 |
|     1250000 |       3518 |
|     1260000 |       3440 |
|     1270000 |       3310 |
|     1280000 |       3193 |
|     1290000 |       3159 |
|     1300000 |       2962 |
|     1310000 |       2822 |
|     1320000 |       2854 |
|     1330000 |       2854 |
|     1340000 |       2653 |
|     1350000 |       2661 |
|     1360000 |       2537 |
|     1370000 |       2425 |
|     1380000 |       2462 |
|     1390000 |       2368 |
|     1400000 |       2346 |
|     1410000 |       2188 |
|     1420000 |       2142 |
|     1430000 |       2043 |
|     1440000 |       2092 |
|     1450000 |       1991 |
|     1460000 |       1920 |
|     1470000 |       1869 |
|     1480000 |       1828 |
|     1490000 |       1810 |
|     1500000 |       1724 |
|     1510000 |       1650 |
|     1520000 |       1706 |
|     1530000 |       1642 |
|     1540000 |       1528 |
|     1550000 |       1475 |
|     1560000 |       1470 |
|     1570000 |       1402 |
|     1580000 |       1385 |
|     1590000 |       1374 |
|     1600000 |       1330 |
|     1610000 |       1303 |
|     1620000 |       1311 |
|     1630000 |       1206 |
|     1640000 |       1237 |
|     1650000 |       1139 |
|     1660000 |       1127 |
|     1670000 |       1188 |
|     1680000 |       1115 |
|     1690000 |       1140 |
|     1700000 |       1084 |
|     1710000 |       1055 |
|     1720000 |        976 |
|     1730000 |        951 |
|     1740000 |        918 |
|     1750000 |        896 |
|     1760000 |        947 |
|     1770000 |        940 |
|     1780000 |        922 |
|     1790000 |        860 |
|     1800000 |        799 |
|     1810000 |        819 |
|     1820000 |        765 |
|     1830000 |        716 |
|     1840000 |        785 |
|     1850000 |        784 |
|     1860000 |        731 |
|     1870000 |        731 |
|     1880000 |        738 |
|     1890000 |        733 |
|     1900000 |        656 |
|     1910000 |        648 |
|     1920000 |        647 |
|     1930000 |        630 |
|     1940000 |        585 |
|     1950000 |        622 |
|     1960000 |        572 |
|     1970000 |        630 |
|     1980000 |        557 |
|     1990000 |        574 |
|     2000000 |        528 |
|     2010000 |        529 |
|     2020000 |        522 |
|     2030000 |        533 |
|     2040000 |        472 |
|     2050000 |        527 |
|     2060000 |        512 |
|     2070000 |        508 |
|     2080000 |        455 |
|     2090000 |        463 |
|     2100000 |        453 |
|     2110000 |        439 |
|     2120000 |        440 |
|     2130000 |        381 |
|     2140000 |        414 |
|     2150000 |        422 |
|     2160000 |        389 |
|     2170000 |        394 |
|     2180000 |        402 |
|     2190000 |        341 |
|     2200000 |        334 |
|     2210000 |        351 |
|     2220000 |        326 |
|     2230000 |        341 |
|     2240000 |        318 |
|     2250000 |        368 |
|     2260000 |        343 |
|     2270000 |        308 |
|     2280000 |        295 |
|     2290000 |        272 |
|     2300000 |        287 |
|     2310000 |        321 |
|     2320000 |        286 |
|     2330000 |        284 |
|     2340000 |        259 |
|     2350000 |        232 |
|     2360000 |        247 |
|     2370000 |        256 |
|     2380000 |        263 |
|     2390000 |        271 |
|     2400000 |        240 |
|     2410000 |        255 |
|     2420000 |        207 |
|     2430000 |        219 |
|     2440000 |        227 |
|     2450000 |        219 |
|     2460000 |        224 |
|     2470000 |        185 |
|     2480000 |        191 |
|     2490000 |        198 |
|     2500000 |        180 |
|     2510000 |        195 |
|     2520000 |        168 |
|     2530000 |        201 |
|     2540000 |        164 |
|     2550000 |        189 |
|     2560000 |        165 |
|     2570000 |        157 |
|     2580000 |        166 |
|     2590000 |        181 |
|     2600000 |        160 |
|     2610000 |        155 |
|     2620000 |        142 |
|     2630000 |        138 |
|     2640000 |        150 |
|     2650000 |        178 |
|     2660000 |        151 |
|     2670000 |        143 |
|     2680000 |        137 |
|     2690000 |        141 |
|     2700000 |        124 |
|     2710000 |        124 |
|     2720000 |        140 |
|     2730000 |        150 |
|     2740000 |        136 |
|     2750000 |        125 |
|     2760000 |        132 |
|     2770000 |        121 |
|     2780000 |        152 |
|     2790000 |        117 |
|     2800000 |        109 |
|     2810000 |        111 |
|     2820000 |        119 |
|     2830000 |        120 |
|     2840000 |        112 |
|     2850000 |         89 |
|     2860000 |        117 |
|     2870000 |         70 |
|     2880000 |         84 |
|     2890000 |        103 |
|     2900000 |         89 |
|     2910000 |         89 |
|     2920000 |        100 |
|     2930000 |         91 |
|     2940000 |         89 |
|     2950000 |         87 |
|     2960000 |         92 |
|     2970000 |         80 |
|     2980000 |         60 |
|     2990000 |         80 |
|     3000000 |         81 |
|     3010000 |         60 |
|     3020000 |         78 |
|     3030000 |         68 |
|     3040000 |         64 |
|     3050000 |         54 |
|     3060000 |         63 |
|     3070000 |         78 |
|     3080000 |         73 |
|     3090000 |         47 |
|     3100000 |         50 |
|     3110000 |         70 |
|     3120000 |         65 |
|     3130000 |         58 |
|     3140000 |         60 |
|     3150000 |         50 |
|     3160000 |         60 |
|     3170000 |         49 |
|     3180000 |         50 |
|     3190000 |         57 |
|     3200000 |         56 |
|     3210000 |         54 |
|     3220000 |         52 |
|     3230000 |         48 |
|     3240000 |         43 |
|     3250000 |         42 |
|     3260000 |         37 |
|     3270000 |         37 |
|     3280000 |         46 |
|     3290000 |         43 |
|     3300000 |         41 |
|     3310000 |         38 |
|     3320000 |         32 |
|     3330000 |         33 |
|     3340000 |         47 |
|     3350000 |         39 |
|     3360000 |         36 |
|     3370000 |         34 |
|     3380000 |         49 |
|     3390000 |         35 |
|     3400000 |         38 |
|     3410000 |         34 |
|     3420000 |         28 |
|     3430000 |         24 |
|     3440000 |         27 |
|     3450000 |         34 |
|     3460000 |         30 |
|     3470000 |         20 |
|     3480000 |         26 |
|     3490000 |         29 |
|     3500000 |         24 |
|     3510000 |         20 |
|     3520000 |         21 |
|     3530000 |         16 |
|     3540000 |         30 |
|     3550000 |         19 |
|     3560000 |         30 |
|     3570000 |         23 |
|     3580000 |         22 |
|     3590000 |         21 |
|     3600000 |         21 |
|     3610000 |         30 |
|     3620000 |         23 |
|     3630000 |         24 |
|     3640000 |         22 |
|     3650000 |         29 |
|     3660000 |         18 |
|     3670000 |         19 |
|     3680000 |         19 |
|     3690000 |         24 |
|     3700000 |         16 |
|     3710000 |         16 |
|     3720000 |         16 |
|     3730000 |         18 |
|     3740000 |         19 |
|     3750000 |         16 |
|     3760000 |         14 |
|     3770000 |         15 |
|     3780000 |         10 |
|     3790000 |         17 |
|     3800000 |         17 |
|     3810000 |         14 |
|     3820000 |         13 |
|     3830000 |         15 |
|     3840000 |         15 |
|     3850000 |         16 |
|     3860000 |         14 |
|     3870000 |         13 |
|     3880000 |         14 |
|     3890000 |         16 |
|     3900000 |         16 |
|     3910000 |          9 |
|     3920000 |         14 |
|     3930000 |         15 |
|     3940000 |         12 |
|     3950000 |          8 |
|     3960000 |          6 |
|     3970000 |         11 |
|     3980000 |          9 |
|     3990000 |          9 |
|     4000000 |         10 |
|     4010000 |          9 |
|     4020000 |         11 |
|     4030000 |          7 |
|     4040000 |         12 |
|     4050000 |         16 |
|     4060000 |          9 |
|     4070000 |          5 |
|     4080000 |         10 |
|     4090000 |          9 |
|     4100000 |          7 |
|     4110000 |         13 |
|     4120000 |          8 |
|     4130000 |          7 |
|     4140000 |          5 |
|     4150000 |          9 |
|     4160000 |          7 |
|     4170000 |         14 |
|     4180000 |          6 |
|     4190000 |          9 |
|     4200000 |          9 |
|     4210000 |         10 |
|     4220000 |          6 |
|     4230000 |         10 |
|     4240000 |          6 |
|     4250000 |          6 |
|     4260000 |          7 |
|     4270000 |          6 |
|     4280000 |          1 |
|     4290000 |          5 |
|     4300000 |          4 |
|     4310000 |          8 |
|     4320000 |          9 |
|     4330000 |          2 |
|     4340000 |          3 |
|     4350000 |          5 |
|     4360000 |          5 |
|     4370000 |          7 |
|     4380000 |          7 |
|     4390000 |          5 |
|     4400000 |          5 |
|     4410000 |          4 |
|     4420000 |          9 |
|     4430000 |          5 |
|     4440000 |          4 |
|     4450000 |          3 |
|     4460000 |          5 |
|     4470000 |          7 |
|     4480000 |          7 |
|     4490000 |          2 |
|     4500000 |          3 |
|     4510000 |          2 |
|     4520000 |          7 |
|     4540000 |          1 |
|     4550000 |          1 |
|     4560000 |          4 |
|     4570000 |          2 |
|     4580000 |         10 |
|     4590000 |          5 |
|     4600000 |          4 |
|     4610000 |          4 |
|     4620000 |          6 |
|     4630000 |          2 |
|     4640000 |          5 |
|     4650000 |          3 |
|     4660000 |          4 |
|     4670000 |          8 |
|     4680000 |          4 |
|     4690000 |          3 |
|     4700000 |         10 |
|     4710000 |          2 |
|     4720000 |          1 |
|     4730000 |          1 |
|     4740000 |          3 |
|     4760000 |          4 |
|     4770000 |          2 |
|     4780000 |          3 |
|     4790000 |          3 |
|     4800000 |          2 |
|     4810000 |          2 |
|     4820000 |          3 |
|     4830000 |          2 |
|     4840000 |          3 |
|     4850000 |          1 |
|     4860000 |          1 |
|     4870000 |          2 |
|     4880000 |          1 |
|     4890000 |          3 |
|     4900000 |          1 |
|     4920000 |          2 |
|     4930000 |          4 |
|     4940000 |          2 |
|     4950000 |          2 |
|     4960000 |          2 |
|     4970000 |          2 |
|     4980000 |          3 |
|     4990000 |          3 |
|     5000000 |          2 |
|     5010000 |          1 |
|     5020000 |          5 |
|     5030000 |          3 |
|     5040000 |          1 |
|     5050000 |          1 |
|     5060000 |          1 |
|     5070000 |          4 |
|     5080000 |          1 |
|     5100000 |          2 |
|     5110000 |          2 |
|     5120000 |          1 |
|     5130000 |          1 |
|     5140000 |          1 |
|     5150000 |          1 |
|     5170000 |          2 |
|     5180000 |          2 |
|     5210000 |          1 |
|     5220000 |          2 |
|     5230000 |          2 |
|     5240000 |          4 |
|     5250000 |          2 |
|     5260000 |          1 |
|     5270000 |          1 |
|     5300000 |          1 |
|     5320000 |          1 |
|     5340000 |          3 |
|     5350000 |          2 |
|     5360000 |          1 |
|     5380000 |          2 |
|     5400000 |          2 |
|     5410000 |          1 |
|     5420000 |          1 |
|     5430000 |          2 |
|     5450000 |          2 |
|     5470000 |          1 |
|     5480000 |          2 |
|     5490000 |          2 |
|     5510000 |          1 |
|     5520000 |          1 |
|     5530000 |          2 |
|     5540000 |          3 |
|     5550000 |          2 |
|     5570000 |          2 |
|     5580000 |          1 |
|     5590000 |          1 |
|     5600000 |          1 |
|     5630000 |          1 |
|     5640000 |          2 |
|     5660000 |          1 |
|     5680000 |          1 |
|     5690000 |          2 |
|     5700000 |          1 |
|     5710000 |          1 |
|     5720000 |          1 |
|     5740000 |          1 |
|     5760000 |          2 |
|     5780000 |          2 |
|     5820000 |          1 |
|     5830000 |          1 |
|     5850000 |          1 |
|     5860000 |          1 |
|     5870000 |          2 |
|     5880000 |          2 |
|     5950000 |          2 |
|     5970000 |          1 |
|     6040000 |          1 |
|     6050000 |          1 |
|     6070000 |          1 |
|     6080000 |          1 |
|     6090000 |          1 |
|     6100000 |          1 |
|     6140000 |          1 |
|     6150000 |          1 |
|     6220000 |          1 |
|     6270000 |          1 |
|     6290000 |          1 |
|     6340000 |          1 |
|     6350000 |          1 |
|     6390000 |          1 |
|     6400000 |          1 |
|     6420000 |          1 |
|     6430000 |          1 |
|     6450000 |          3 |
|     6490000 |          2 |
|     6500000 |          2 |
|     6610000 |          2 |
|     6650000 |          1 |
|     6660000 |          2 |
|     6690000 |          1 |
|     6720000 |          1 |
|     6740000 |          1 |
|     6750000 |          3 |
|     6760000 |          1 |
|     6780000 |          1 |
|     6790000 |          1 |
|     6810000 |          1 |
|     6900000 |          1 |
|     6910000 |          1 |
|     6950000 |          2 |
|     6980000 |          1 |
|     6990000 |          1 |
|     7060000 |          1 |
|     7070000 |          1 |
|     7100000 |          1 |
|     7140000 |          1 |
|     7160000 |          2 |
|     7190000 |          1 |
|     7210000 |          1 |
|     7270000 |          1 |
|     7290000 |          1 |
|     7310000 |          1 |
|     7320000 |          1 |
|     7360000 |          1 |
|     7370000 |          1 |
|     7400000 |          1 |
|     7420000 |          1 |
|     7440000 |          3 |
|     7460000 |          2 |
|     7480000 |          1 |
|     7490000 |          1 |
|     7500000 |          1 |
|     7530000 |          1 |
|     7540000 |          1 |
|     7580000 |          1 |
|     7590000 |          2 |
|     7630000 |          2 |
|     7660000 |          1 |
|     7670000 |          1 |
|     7750000 |          1 |
|     7790000 |          1 |
|     7810000 |          2 |
|     7860000 |          1 |
|     7870000 |          1 |
|     7890000 |          1 |
|     7980000 |          1 |
|     8000000 |          1 |
|     8040000 |          1 |
|     8090000 |          1 |
|     8130000 |          1 |
|     8140000 |          1 |
|     8160000 |          1 |
|     8170000 |          1 |
|     8210000 |          1 |
|     8220000 |          2 |
|     8340000 |          1 |
|     8390000 |          1 |
|     8470000 |          1 |
|     8520000 |          2 |
|     8560000 |          1 |
|     8590000 |          1 |
|     8740000 |          1 |
|     8800000 |          1 |
|     8850000 |          1 |
|     8860000 |          1 |
|     8880000 |          1 |
|     8900000 |          1 |
|     9020000 |          1 |
|     9060000 |          1 |
|     9100000 |          1 |
|     9210000 |          1 |
|     9230000 |          1 |
|     9300000 |          1 |
|     9320000 |          1 |
|     9380000 |          1 |
|     9490000 |          1 |
|     9500000 |          1 |
|     9540000 |          1 |
|     9560000 |          1 |
|     9590000 |          1 |
|     9600000 |          1 |
|     9620000 |          1 |
|     9700000 |          1 |
|     9740000 |          1 |
|     9790000 |          1 |
|     9810000 |          1 |
|     9850000 |          1 |
|     9900000 |          1 |
|     9940000 |          1 |
|     9980000 |          1 |
|     9990000 |          2 |
|    10000000 |          1 |
|    10120000 |          1 |
|    10160000 |          1 |
|    10170000 |          2 |
|    10290000 |          1 |
|    10310000 |          2 |
|    10320000 |          2 |
|    10340000 |          1 |
|    10470000 |          1 |
|    10510000 |          2 |
|    10630000 |          1 |
|    10660000 |          1 |
|    10790000 |          1 |
|    10820000 |          1 |
|    10880000 |          1 |
|    10900000 |          1 |
|    10910000 |          1 |
|    11180000 |          1 |
|    11330000 |          1 |
|    11380000 |          1 |
|    11400000 |          1 |
|    11540000 |          1 |
|    11630000 |          1 |
|    11730000 |          1 |
|    11780000 |          1 |
|    11910000 |          1 |
|    11920000 |          1 |
|    12200000 |          1 |
|    12250000 |          1 |
|    12260000 |          1 |
|    12380000 |          1 |
|    12450000 |          1 |
|    12590000 |          1 |
|    12660000 |          1 |
|    12730000 |          1 |
|    12740000 |          1 |
|    12870000 |          1 |
|    13090000 |          1 |
|    13100000 |          1 |
|    13210000 |          1 |
|    13240000 |          1 |
|    13350000 |          1 |
|    13370000 |          1 |
|    13490000 |          1 |
|    13540000 |          2 |
|    13560000 |          1 |
|    13640000 |          1 |
|    13770000 |          1 |
|    13950000 |          1 |
|    14220000 |          1 |
|    14360000 |          1 |
|    14380000 |          1 |
|    14590000 |          1 |
|    14610000 |          2 |
|    14620000 |          1 |
|    14630000 |          1 |
|    14850000 |          1 |
|    14990000 |          1 |
|    15000000 |          1 |
|    15020000 |          1 |
|    15030000 |          1 |
|    15080000 |          1 |
|    15090000 |          1 |
|    15350000 |          1 |
|    15490000 |          1 |
|    15600000 |          1 |
|    15730000 |          2 |
|    15840000 |          1 |
|    16120000 |          1 |
|    16280000 |          1 |
|    16570000 |          1 |
|    17110000 |          1 |
|    17340000 |          1 |
|    17540000 |          1 |
|    17840000 |          1 |
|    17890000 |          1 |
|    17950000 |          1 |
|    18210000 |          1 |
|    18440000 |          1 |
|    18620000 |          1 |
|    18630000 |          1 |
|    19260000 |          1 |
|    19280000 |          1 |
|    19460000 |          1 |
|    19690000 |          1 |
|    20260000 |          1 |
|    20280000 |          1 |
|    21020000 |          1 |
|    21070000 |          1 |
|    21090000 |          1 |
|    21130000 |          1 |
|    21210000 |          1 |
|    21310000 |          1 |
|    21410000 |          1 |
|    21640000 |          1 |
|    21800000 |          1 |
|    22010000 |          1 |
|    23090000 |          1 |
|    23260000 |          1 |
|    23340000 |          1 |
|    24420000 |          1 |
|    24540000 |          1 |
|    24950000 |          1 |
|    25160000 |          1 |
|    25330000 |          1 |
|    25530000 |          1 |
|    26190000 |          1 |
|    26290000 |          1 |
|    26810000 |          1 |
|    26970000 |          1 |
|    27040000 |          1 |
|    27160000 |          1 |
|    27190000 |          1 |
|    27750000 |          1 |
|    27820000 |          1 |
|    28640000 |          1 |
|    28900000 |          1 |
|    29070000 |          1 |
|    29460000 |          1 |
|    29550000 |          1 |
|    29670000 |          1 |
|    30420000 |          1 |
|    31360000 |          1 |
|    31500000 |          1 |
|    32160000 |          1 |
|    32500000 |          1 |
|    32960000 |          2 |
|    33130000 |          1 |
|    34470000 |          1 |
|    37530000 |          1 |
|    38470000 |          1 |
|    38700000 |          1 |
|    40860000 |          1 |
|    42110000 |          1 |
|    45940000 |          1 |
|    49310000 |          1 |
|    49380000 |          1 |
|    49660000 |          1 |
|    51540000 |          1 |
|    52550000 |          1 |
|    52620000 |          1 |
|    54460000 |          1 |
|    55410000 |          1 |
|    57540000 |          1 |
|    58640000 |          1 |
|    59860000 |          1 |
|    59970000 |          1 |
|    60460000 |          1 |
|    61770000 |          1 |
|    62570000 |          1 |
|    64310000 |          1 |
|    64370000 |          1 |
|    66010000 |          1 |
|    66180000 |          1 |
|    69130000 |          1 |
|    70090000 |          1 |
|    73310000 |          1 |
|    76000000 |          1 |
|    76400000 |          1 |
|    76740000 |          1 |
|    77340000 |          1 |
|    81430000 |          1 |
|    82250000 |          1 |
|    84490000 |          1 |
|    84690000 |          1 |
|    85020000 |          1 |
|    85130000 |          1 |
|    86460000 |          1 |
|    96150000 |          1 |
|   106280000 |          1 |
|   109720000 |          1 |
|   120330000 |          1 |
|   120440000 |          1 |
|   126920000 |          1 |
|   142680000 |          1 |
|   149360000 |          1 |
|   161480000 |          1 |
|   166350000 |          1 |
|   169350000 |          1 |
|   185850000 |          1 |
|   189240000 |          1 |
|   195940000 |          1 |
|   215430000 |          1 |
|   243460000 |          1 |
|   277550000 |          1 |
|   301050000 |          1 |
|   409110000 |          1 |
|   567900000 |          1 |
|   742130000 |          1 |
|   766080000 |          1 |
|  1142210000 |          1 |
+-------------+------------+
1645 rows in set (1 hour 17 min 33.17 sec)

